1480	1479	22.93218291530671
1480	1482	6.500961090239002
1480	1481	6.500961090239002
1480	1484	6.500961090239002
1480	1483	22.93218291530671
368	369	10.78522423920921
1360	1362	2.763639829081022
1360	1361	2.763639829081022
1466	1468	9.65628630648775
1466	1467	9.65628630648775
1360	1359	0.9300697752163667
1360	1358	2.763639829081022
1360	1357	2.763639829081022
531	530	8.342697186460057
531	533	9.421431233483208
531	532	6.568987090523356
531	527	9.421431233483208
531	528	9.421431233483208
531	529	9.421431233483208
531	540	9.421431233483208
531	541	9.421431233483208
531	537	9.421431233483208
531	536	3.3649512829150043
531	535	9.421431233483208
531	534	3.3649512829150043
531	539	9.421431233483208
531	538	9.421431233483208
1047	1043	61.589269760133305
1047	1045	61.589269760133305
1047	1044	61.589269760133305
1047	1046	113.95524879715785
1047	1049	113.95524879715785
1047	1048	61.589269760133305
642	644	3.855133043648171
1377	1376	3.7917675465223244
1377	1379	14.3694374688686
1377	1378	12.463416036706583
1377	1375	12.463416036706583
1377	1381	12.463416036706583
1377	1380	14.3694374688686
1240	1236	27.604362130329537
1240	1237	27.604362130329537
1240	1238	27.604362130329537
1240	1239	27.604362130329537
789	790	7.202588754586262
789	791	7.202588754586262
789	792	7.202588754586262
789	788	4.0
789	783	4.0
789	782	4.0
789	785	4.840124317987698
789	784	4.0
789	780	4.0
789	781	4.0
789	779	4.840124317987698
789	774	4.0
789	778	4.0
789	777	4.0
789	776	4.0
789	775	4.840124317987698
1470	1471	7.484500010996807
1470	1469	7.484500010996807
1247	1246	22.649294849044573
1362	1360	2.763639829081022
1362	1361	3.002985716090985
1362	1359	0.9300697752163667
1362	1358	3.002985716090985
1362	1357	3.002985716090985
1333	1329	3.002097921164591
1333	1330	0.9153503138634284
1333	1331	3.002097921164591
1333	1338	3.002097921164591
1333	1339	2.754849941854856
1333	1336	3.002097921164591
1333	1337	3.002097921164591
1333	1334	3.002097921164591
1333	1335	3.002097921164591
1333	1332	3.002097921164591
1333	1340	3.002097921164591
12	13	40.56025670092086
12	11	78.13507584189205
12	10	78.13507584189205
573	574	6.525365347318804
459	457	19.253243462087386
459	458	19.253243462087386
459	460	19.253243462087386
1365	1364	18.582654992961878
1193	1192	44.82857929861731
1193	1195	5.9412399243347025
1193	1194	17.931431719446913
295	296	4.345935993355397
1455	1456	14.61522369445652
1506	1508	3.348506458724789
1506	1507	3.518493484152351
113	114	2.4210219257238994
113	112	2.4210219257238994
1221	1220	7.555257185750147
1221	1219	7.555257185750147
1221	1218	7.555257185750147
1221	1217	7.555257185750147
1417	1416	9.087083040114418
316	315	12.52670104713539
923	925	2.7464273383775635
923	924	2.3273675541811585
1292	1291	0.8381195683928103
1292	1290	3.6680815645524136
543	415	47.709482992308686
1235	1234	19.416701101456542
1279	1280	15.472113652783584
1279	1278	15.472113652783584
1279	1272	15.472113652783584
1279	1273	15.472113652783584
1279	1274	15.472113652783584
1279	1275	15.472113652783584
1279	1276	15.472113652783584
1279	1277	15.472113652783584
1279	1285	15.472113652783584
1279	1284	15.472113652783584
1279	1283	15.472113652783584
1279	1282	15.472113652783584
1279	1281	15.472113652783584
309	313	4.0
309	314	7.795252627733825
309	311	4.0
309	312	7.795252627733825
309	310	4.0
309	306	4.0
309	307	4.0
309	308	4.0
524	525	23.96166321453218
404	405	19.7356648794868
335	334	45.87736973783972
1397	1399	4.604845745068467
1397	1398	1.7957329672295805
1397	1396	4.604845745068467
1389	1393	2.824046065916229
1389	1392	11.305523993462998
1389	1391	2.824046065916229
1389	1388	2.824046065916229
1389	1386	2.824046065916229
1389	1387	2.824046065916229
1389	1390	2.824046065916229
999	998	4.422384886935335
1565	1563	5.877085277734032
1565	1562	5.877085277734032
1565	1564	1.1759982788252263
850	849	8.405259198454946
724	720	0.21003107949692437
724	721	0.21003107949692437
724	723	0.21003107949692437
724	726	0.4765053580405043
724	725	0.4765053580405043
724	727	0.21003107949692437
724	713	0.21003107949692437
724	712	0.21003107949692437
381	382	3.2314674143633018
372	373	23.522473598471773
1184	1190	2.567999296094715
1184	1183	2.567999296094715
1184	1185	0.7060115164790572
1184	1186	2.567999296094715
1184	1187	0.7060115164790572
1184	1188	0.7060115164790572
1184	1189	2.567999296094715
1184	1180	2.567999296094715
1184	1181	2.567999296094715
1184	1182	0.7060115164790572
616	617	1.5616976010821322
616	618	1.5616976010821322
616	615	1.5616976010821322
1132	1131	9.521570647887032
1132	1133	9.521570647887032
1132	1130	9.521570647887032
629	630	6.92611513642626
25	26	18.180596557527448
5	4	9.816799179106386
4	5	9.816799179106386
772	769	55.97901837165629
772	773	55.97901837165629
772	771	55.97901837165629
772	770	5.566469484522113
262	263	3.364060744091041
783	776	5.147806929130608
783	775	4.0
783	774	6.580595120265869
783	777	6.580595120265869
783	778	6.580595120265869
783	779	4.0
783	785	4.0
783	784	6.580595120265869
783	787	2.580595120265869
783	786	1.1478069291306081
783	781	5.147806929130608
783	780	6.580595120265869
783	782	6.580595120265869
783	788	6.580595120265869
783	789	4.0
783	792	4.0
783	791	4.0
783	790	4.0
844	843	3.9260661988261347
730	729	1.560632672418034
1215	1214	0.7513017982784287
460	459	19.253243462087386
460	458	19.253243462087386
460	457	19.253243462087386
140	141	3.4149140457628393
1423	1422	14.739874468013673
767	765	10.82694895432771
767	766	10.82694895432771
1382	1385	4.860561703001752
1382	1384	1.0642085642628722
1382	1383	1.0642085642628722
1259	1260	3.6240111072791468
1259	1252	3.6240111072791468
1259	1253	3.6240111072791468
1259	1254	3.6240111072791468
1259	1255	3.6240111072791468
1259	1256	3.6240111072791468
1259	1257	3.284557441212421
1259	1258	3.6240111072791468
1269	1268	1.3027931065641138
1269	1265	1.3027931065641138
1269	1266	1.3027931065641138
1269	1267	1.3027931065641138
1269	1270	1.3027931065641138
1269	1271	1.3027931065641138
972	973	17.510660605717423
972	970	17.510660605717423
972	971	17.510660605717423
972	969	17.510660605717423
648	649	2.643960617391716
648	646	9.414389200766303
648	647	9.414389200766303
13	10	40.56025670092086
13	11	40.56025670092086
13	14	41.44561402428063
13	12	40.56025670092086
651	650	20.471103908232628
651	653	20.471103908232628
651	652	20.471103908232628
581	580	6.525365347318804
1541	1544	49.45957976755855
1541	1540	77.4152071299504
1541	1536	66.93871252504037
1541	1537	77.4152071299504
1541	1538	71.48945794040633
1541	1539	71.48945794040633
1081	1080	23.522473598471773
271	269	3.7409852313167047
271	270	3.7409852313167047
835	1014	42.391034918976004
1198	1197	7.441198483621715
1488	1487	20.328279063318508
1338	1340	3.002097921164591
733	732	5.041961780647223
1019	1018	4.716527798268713
1019	1020	4.716527798268713
530	536	4.322334830954855
530	535	8.342697186460057
530	538	8.342697186460057
530	537	8.342697186460057
530	539	8.342697186460057
530	540	8.342697186460057
530	541	8.342697186460057
679	678	4.8573227195770645
1558	1559	4.450414771792479
1558	1557	4.137643499142889
530	532	6.568987090523356
530	531	8.342697186460057
530	534	4.322334830954855
530	533	8.342697186460057
530	528	8.342697186460057
530	529	8.342697186460057
530	527	8.342697186460057
1428	1430	2.4563673945089812
1428	1426	2.4563673945089812
1428	1425	2.4563673945089812
1428	1429	2.4563673945089812
1428	1427	2.4563673945089812
453	455	1.7334891558746417
453	454	1.7334891558746417
453	456	1.458692715636717
453	452	1.7334891558746417
1321	1322	4.625178171629836
1321	1323	4.625178171629836
1321	1320	4.625178171629836
1321	1318	4.625178171629836
1321	1317	4.625178171629836
1321	1319	4.625178171629836
1321	1315	4.625178171629836
1321	1316	4.625178171629836
1019	1021	4.716527798268713
1558	1560	4.450414771792479
1558	1561	2.2281215865130193
125	124	3.557498616381536
10	13	40.56025670092086
10	11	98.62321813948475
10	12	78.13507584189205
195	197	14.243771657378202
195	196	14.243771657378202
26	25	18.180596557527448
874	876	2.8763388430030647
874	875	2.8763388430030647
874	877	2.8763388430030647
636	639	11.354259866247425
636	637	11.354259866247425
636	638	11.354259866247425
1230	1231	5.112142111408277
1230	1232	5.112142111408277
1372	1371	5.3740679753697425
1372	1374	5.3740679753697425
1372	1370	15.219754430773644
221	220	7.376550348721182
221	222	7.376550348721182
180	181	15.187029867488612
180	182	15.187029867488612
180	183	15.187029867488612
180	184	2.510109245111604
1381	1380	12.463416036706583
1381	1375	13.714501127304946
1381	1376	5.042852637120688
1381	1378	13.714501127304946
1381	1377	12.463416036706583
1381	1379	12.463416036706583
1208	1209	3.1665168954897687
1208	1207	6.333033790979537
1208	1211	3.1665168954897687
1208	1210	3.1665168954897687
1476	1472	47.29497221804296
1476	1474	47.29497221804296
1476	1473	14.645605021814847
1476	1475	47.29497221804296
1476	1477	47.29497221804296
416	415	40.031585072855
1451	1450	1.8371965709644071
1338	1329	3.002097921164591
1338	1337	3.002097921164591
1338	1339	2.754849941854856
1338	1330	0.9153503138634284
1338	1332	3.002097921164591
1338	1331	3.002097921164591
1338	1334	3.002097921164591
1338	1333	3.002097921164591
1338	1336	3.002097921164591
1338	1335	3.002097921164591
709	710	4.9286881118473875
709	701	4.9286881118473875
709	700	4.9286881118473875
709	708	4.9286881118473875
709	706	4.9286881118473875
709	707	4.9286881118473875
709	704	4.9286881118473875
709	705	4.9286881118473875
709	702	4.9286881118473875
709	703	4.9286881118473875
289	290	18.792213417697017
289	291	22.241232057732297
289	288	22.241232057732297
963	961	1.158076735031854
963	962	1.158076735031854
780	782	6.580595120265869
780	781	5.147806929130608
780	784	6.580595120265869
780	783	6.580595120265869
780	786	1.1478069291306081
780	785	4.0
780	788	6.580595120265869
780	787	2.580595120265869
780	789	4.0
780	775	4.0
780	774	6.580595120265869
780	779	4.0
780	778	6.580595120265869
780	777	6.580595120265869
780	776	5.147806929130608
780	792	4.0
780	791	4.0
780	790	4.0
709	699	4.9286881118473875
709	698	4.9286881118473875
709	695	3.4969828117795765
709	694	3.4969828117795765
709	697	4.9286881118473875
709	696	3.4969828117795765
709	691	3.4969828117795765
709	690	3.4969828117795765
709	693	3.4969828117795765
709	692	1.286951732282652
708	710	4.9286881118473875
708	709	4.9286881118473875
708	707	4.9286881118473875
708	706	4.9286881118473875
708	705	4.9286881118473875
708	704	4.9286881118473875
708	703	4.9286881118473875
708	701	4.9286881118473875
708	702	4.9286881118473875
708	700	4.9286881118473875
1263	1261	5.137889334335884
1263	1264	5.137889334335884
1263	1262	5.137889334335884
215	216	3.676432295373703
708	699	4.9286881118473875
708	696	3.4969828117795765
708	695	3.4969828117795765
708	698	4.9286881118473875
708	697	4.9286881118473875
708	692	1.286951732282652
708	691	3.4969828117795765
708	694	3.4969828117795765
708	693	3.4969828117795765
708	690	3.4969828117795765
560	1014	60.55862131282302
683	684	13.291644660030803
181	184	2.510109245111604
181	183	15.187029867488612
181	182	15.187029867488612
181	180	15.187029867488612
1122	1126	11.032446043323363
1122	1125	11.032446043323363
1122	1124	11.032446043323363
1122	1123	11.032446043323363
698	710	4.9286881118473875
698	705	4.9286881118473875
698	706	4.9286881118473875
698	707	4.9286881118473875
698	708	4.9286881118473875
698	709	4.9286881118473875
290	291	18.792213417697017
698	700	4.9286881118473875
698	701	4.9286881118473875
698	702	4.9286881118473875
698	703	4.9286881118473875
698	704	4.9286881118473875
290	288	18.792213417697017
290	289	18.792213417697017
698	697	4.9286881118473875
698	699	4.9286881118473875
698	692	1.286951732282652
698	691	3.4969828117795765
698	690	3.4969828117795765
698	696	3.4969828117795765
698	695	3.4969828117795765
698	694	3.4969828117795765
698	693	3.4969828117795765
773	769	23.991007873566957
773	770	2.3856297790809045
773	771	23.991007873566957
773	772	55.97901837165629
748	747	29.240002274583503
525	524	23.96166321453218
636	390	11.354259866247425
636	389	2.814941453846319
254	255	11.444020647103438
1287	1286	15.472113652783584
766	767	10.82694895432771
766	765	10.82694895432771
27	29	2.8082158123557015
27	28	13.174992102000575
27	34	2.202629599227474
27	33	11.174992102000575
27	30	2.8082158123557015
27	32	2.202629599227474
27	31	2.202629599227474
570	571	8.060086280132184
1244	1245	2.868215526720684
177	173	2.365222904173882
177	175	2.365222904173882
177	174	2.365222904173882
177	176	2.365222904173882
1268	1270	3.4823737998569766
1268	1271	3.4823737998569766
1268	1266	3.4823737998569766
1268	1265	3.4823737998569766
1268	1267	3.4823737998569766
1268	1269	1.3027931065641138
862	861	1.0331406020789444
441	442	5.298936818855147
441	443	6.446743747985757
862	863	1.0331406020789444
441	440	5.298936818855147
441	444	5.298936818855147
210	209	29.88413408530952
11	12	78.13507584189205
11	13	40.56025670092086
11	10	98.62321813948475
1296	1295	3.967457508548037
1141	1142	17.003158352840426
1141	1143	15.097136920678409
1141	1144	17.003158352840426
931	932	2.518245545148103
956	957	16.879669823915822
956	958	16.879669823915822
1392	1393	1.1478069291306081
1392	1391	1.1478069291306081
1392	1390	1.1478069291306081
1392	1388	1.1478069291306081
1392	1389	11.305523993462998
1392	1387	1.1478069291306081
1392	1386	1.1478069291306081
829	828	1.8919950270994457
1249	1248	3.643872035916909
686	687	0.8012395627542914
686	688	2.558008568296906
240	241	4.0
732	733	5.041961780647223
1547	1548	17.312237782057153
1547	1549	12.089880156112134
1547	1546	12.089880156112134
28	34	1.101314799613737
28	33	6.148513838199408
28	32	1.101314799613737
28	31	1.101314799613737
28	30	1.4041079061778508
28	27	13.174992102000575
28	29	1.4041079061778508
1160	1162	5.131554101047958
1160	1161	5.131554101047958
1160	1163	5.131554101047958
580	581	6.525365347318804
1459	1461	18.260577398317647
1459	1462	18.260577398317647
799	800	7.727535881029773
799	798	7.727535881029773
799	797	2.8874115630420762
1494	1493	22.07104242618267
1264	1263	5.137889334335884
1264	1261	15.472113652783584
1264	1262	15.472113652783584
16	17	48.938912007784126
16	18	18.423888181877484
16	15	48.938912007784126
16	19	18.423888181877484
848	846	23.92989877962579
848	847	30.634855326768292
395	1121	66.12146875006518
430	450	41.75567015711807
1018	1019	4.716527798268713
1018	1020	5.565141109658425
1018	1021	11.340145123788929
430	415	66.99340573218403
430	426	29.75466093752924
430	427	22.59098320600441
430	428	29.75466093752924
430	429	29.75466093752924
430	432	148.10181024659929
430	431	22.59098320600441
430	414	67.41022870985242
759	760	1.6762391367856206
759	764	2.516363454773318
759	763	2.516363454773318
759	762	2.516363454773318
759	761	2.516363454773318
759	755	2.516363454773318
759	756	3.5822605689476372
759	758	2.516363454773318
390	389	2.814941453846319
1525	1526	3.910983614180216
390	639	11.354259866247425
390	638	11.354259866247425
390	637	11.354259866247425
390	636	11.354259866247425
395	1014	74.42563342736139
1320	1319	4.625178171629836
1320	1318	4.625178171629836
1320	1317	4.625178171629836
1320	1316	4.625178171629836
1320	1315	4.625178171629836
1320	1322	4.625178171629836
1320	1321	4.625178171629836
1320	1323	4.625178171629836
1532	1524	61.62821557433069
1532	1527	54.10380305123509
1532	1526	54.222307184107066
1532	1534	63.210533940835944
1532	1533	59.41805445952775
1532	1531	63.210533940835944
1532	1535	63.210533940835944
1532	1530	52.38145448991426
1459	1460	7.106464415227977
1459	1458	18.260577398317647
269	270	3.7409852313167047
269	271	3.7409852313167047
781	790	4.0
781	791	4.0
781	792	4.0
315	316	12.52670104713539
781	780	5.147806929130608
781	788	5.147806929130608
781	789	4.0
781	786	3.5102713657291726
781	787	1.1478069291306081
781	784	5.147806929130608
781	785	4.0
781	782	5.147806929130608
781	783	5.147806929130608
781	779	4.0
781	775	4.0
781	776	7.510271365729173
781	777	5.147806929130608
781	778	5.147806929130608
781	774	5.147806929130608
760	758	1.6762391367856206
760	759	1.6762391367856206
760	756	2.8240460659162285
760	764	1.6762391367856206
760	763	1.6762391367856206
760	762	1.6762391367856206
760	761	1.6762391367856206
760	755	1.6762391367856206
987	988	8.452890880005148
1396	1399	4.604845745068467
1396	1397	4.604845745068467
1396	1398	1.7957329672295805
1048	1044	194.24867100663337
1048	1043	194.24867100663337
1048	1046	110.58926976013296
1048	1045	194.24867100663337
1048	1047	61.589269760133305
1048	1049	110.58926976013296
1211	1208	3.1665168954897687
1211	1207	6.333033790979537
1211	1209	3.1665168954897687
1211	1210	3.1665168954897687
429	603	40.09961241752865
1250	1251	11.901271837775633
429	432	44.8408131686
429	431	131.98926862228225
429	430	29.75466093752924
429	428	156.3071392432653
429	427	149.14346151174016
429	426	156.3071392432653
429	413	47.88960605778634
1104	1105	1.3117187800264913
634	635	4.796697487374596
699	698	4.9286881118473875
699	697	4.9286881118473875
699	696	3.4969828117795765
1407	1410	3.2049690971136298
1407	1409	3.2049690971136298
1407	1408	3.2049690971136298
699	700	4.9286881118473875
699	701	4.9286881118473875
699	702	4.9286881118473875
699	703	4.9286881118473875
699	704	4.9286881118473875
699	705	4.9286881118473875
699	706	4.9286881118473875
699	707	4.9286881118473875
699	708	4.9286881118473875
699	709	4.9286881118473875
699	710	4.9286881118473875
571	570	8.060086280132184
962	961	1.158076735031854
962	963	1.158076735031854
1479	1480	22.93218291530671
1479	1483	22.93218291530671
1479	1484	6.500961090239002
1479	1481	6.500961090239002
1479	1482	6.500961090239002
29	32	5.421269213289527
29	31	5.421269213289527
29	34	5.421269213289527
29	33	1.4041079061778508
29	30	6.026855426417754
29	27	2.8082158123557015
29	28	1.4041079061778508
1267	1265	3.4823737998569766
1267	1266	3.4823737998569766
1267	1268	3.4823737998569766
1267	1269	1.3027931065641138
1267	1271	3.4823737998569766
1267	1270	3.4823737998569766
255	254	11.444020647103438
920	919	2.0961178215610445
920	918	2.0961178215610445
707	695	3.4969828117795765
707	694	3.4969828117795765
707	693	3.4969828117795765
707	692	1.286951732282652
707	691	3.4969828117795765
707	690	3.4969828117795765
707	699	4.9286881118473875
707	698	4.9286881118473875
707	697	4.9286881118473875
707	696	3.4969828117795765
635	634	4.796697487374596
17	15	48.938912007784126
17	18	18.423888181877484
17	19	18.423888181877484
17	16	48.938912007784126
1298	1297	13.822713142661234
699	692	1.286951732282652
699	693	3.4969828117795765
699	694	3.4969828117795765
699	695	3.4969828117795765
699	690	3.4969828117795765
699	691	3.4969828117795765
1278	1279	15.472113652783584
1278	1277	15.472113652783584
1278	1276	15.472113652783584
1278	1275	15.472113652783584
1278	1274	15.472113652783584
1278	1273	15.472113652783584
1278	1272	15.472113652783584
1278	1285	15.472113652783584
1278	1284	15.472113652783584
1278	1281	15.472113652783584
1278	1280	15.472113652783584
1278	1283	15.472113652783584
1278	1282	15.472113652783584
707	710	4.9286881118473875
707	703	4.9286881118473875
707	702	4.9286881118473875
707	701	4.9286881118473875
707	700	4.9286881118473875
707	708	4.9286881118473875
707	709	4.9286881118473875
707	706	4.9286881118473875
707	704	4.9286881118473875
707	705	4.9286881118473875
213	214	11.927264252922338
1220	1221	7.555257185750147
1220	1219	10.232564393706165
1220	1218	11.483649484304527
1220	1217	11.483649484304527
938	939	17.701232861237457
938	937	12.385687878890677
938	936	17.701232861237457
938	935	17.701232861237457
444	440	9.298936818855147
444	443	5.298936818855147
444	442	9.298936818855147
444	441	5.298936818855147
1483	1479	22.93218291530671
1483	1480	22.93218291530671
1483	1481	6.500961090239002
1483	1484	6.500961090239002
1483	1482	6.500961090239002
775	790	4.840124317987698
775	791	4.840124317987698
775	792	4.840124317987698
775	785	6.516363454773318
775	788	4.0
775	789	4.840124317987698
775	780	4.0
775	783	4.0
775	784	4.0
775	781	4.0
775	782	4.0
775	777	4.0
775	776	4.0
775	774	4.0
775	779	4.840124317987698
775	778	4.0
1189	1190	2.567999296094715
1189	1188	0.7060115164790572
1189	1187	0.7060115164790572
1189	1186	2.567999296094715
1189	1185	0.7060115164790572
1189	1184	2.567999296094715
1189	1183	2.567999296094715
1189	1182	0.7060115164790572
1189	1181	2.567999296094715
1189	1180	2.567999296094715
138	139	80.68012233911374
674	673	0.30279310656411385
674	675	1.782101441937737
674	676	1.782101441937737
674	672	1.782101441937737
692	699	1.286951732282652
692	698	1.286951732282652
692	697	1.286951732282652
692	696	1.286951732282652
692	695	1.286951732282652
692	694	1.286951732282652
692	693	1.286951732282652
692	691	1.286951732282652
692	690	1.286951732282652
1429	1430	2.4563673945089812
1429	1427	2.4563673945089812
1429	1426	2.4563673945089812
1429	1425	2.4563673945089812
1429	1428	2.4563673945089812
692	703	1.286951732282652
692	704	1.286951732282652
692	705	1.286951732282652
692	706	1.286951732282652
692	707	1.286951732282652
692	708	1.286951732282652
692	709	1.286951732282652
692	710	1.286951732282652
692	702	1.286951732282652
692	701	1.286951732282652
692	700	1.286951732282652
1305	1306	0.8934092157137551
1305	1307	5.808326144642758
1305	1304	5.808326144642758
1305	1308	0.8934092157137551
1305	1309	0.8934092157137551
1305	1302	0.8934092157137551
1305	1303	0.8934092157137551
1305	1300	0.8934092157137551
1305	1301	0.8934092157137551
1305	1299	0.8934092157137551
1305	1310	0.8934092157137551
1305	1311	0.8934092157137551
1357	1360	2.763639829081022
1357	1361	3.002985716090985
1357	1362	3.002985716090985
1357	1358	3.002985716090985
1357	1359	0.9300697752163667
1170	1173	2.094901011246795
1170	1174	10.84753718702047
1170	1171	10.84753718702047
1170	1172	10.84753718702047
1170	1165	10.84753718702047
1170	1167	10.84753718702047
1170	1166	10.84753718702047
1170	1169	10.84753718702047
1170	1168	10.84753718702047
340	339	2.362464436598565
1348	1350	2.4197068350063695
1348	1351	2.4197068350063695
1348	1349	2.4197068350063695
1348	1347	2.4197068350063695
1427	1430	2.4563673945089812
1427	1425	2.4563673945089812
1427	1426	2.4563673945089812
1427	1429	2.4563673945089812
1427	1428	2.4563673945089812
988	987	8.452890880005148
1520	1523	5.211172426256454
1520	1521	5.211172426256454
1520	1522	5.211172426256454
1520	1517	2.6055862131282277
1520	1516	5.211172426256454
1520	1519	14.264924759723538
1520	1518	5.211172426256454
1371	1374	19.587593223372842
1371	1372	5.3740679753697425
1371	1370	4.1229828847713765
1391	1393	11.121639954099695
1391	1392	1.1478069291306081
1391	1390	11.121639954099695
1391	1386	11.121639954099695
1391	1387	11.121639954099695
1391	1388	11.121639954099695
1391	1389	2.824046065916229
1089	1090	4.590033487673701
533	532	6.568987090523356
533	534	3.3649512829150043
533	535	9.421431233483208
533	536	3.3649512829150043
533	537	9.421431233483208
533	538	9.421431233483208
533	539	9.421431233483208
533	540	9.421431233483208
533	541	9.421431233483208
533	529	9.421431233483208
533	528	9.421431233483208
533	527	9.421431233483208
533	530	8.342697186460057
533	531	9.421431233483208
1085	1086	7.6093125306227325
1066	1067	4.327913601959694
1066	1065	4.327913601959694
1239	1240	27.604362130329537
1239	1237	27.604362130329537
1239	1236	27.604362130329537
1239	1238	27.604362130329537
1343	1342	5.106769357283856
38	37	3.858791051987895
38	39	3.858791051987895
38	40	3.858791051987895
1286	1287	15.472113652783584
1461	1462	18.260577398317647
1461	1460	7.106464415227977
1461	1458	18.260577398317647
1461	1459	18.260577398317647
800	798	7.727535881029773
800	797	2.8874115630420762
800	799	7.727535881029773
296	295	4.345935993355397
1300	1299	5.977133401894083
82	803	40.630898012871704
1080	1081	23.522473598471773
1352	1354	5.853092583921766
1352	1353	1.791418071763832
1352	1356	5.853092583921766
1352	1355	5.853092583921766
1475	1476	47.29497221804296
1475	1477	47.29497221804296
1475	1474	47.29497221804296
1475	1472	47.29497221804296
1475	1473	14.645605021814847
1202	1201	2.128536603360287
1202	1203	0.9153503138634284
1202	1204	0.9153503138634284
1202	1205	2.128536603360287
458	457	19.253243462087386
458	459	19.253243462087386
458	460	19.253243462087386
1376	1380	3.7917675465223244
1376	1381	5.042852637120688
1300	1311	5.977133401894083
1300	1310	5.977133401894083
1376	1375	5.042852637120688
1300	1306	5.977133401894083
1300	1305	0.8934092157137551
1376	1377	3.7917675465223244
1300	1304	0.8934092157137551
1376	1378	5.042852637120688
1300	1303	5.977133401894083
1376	1379	3.7917675465223244
1300	1302	5.977133401894083
1300	1301	5.977133401894083
1300	1309	5.977133401894083
1300	1307	0.8934092157137551
1300	1308	5.977133401894083
1518	1520	5.211172426256454
1518	1521	14.191322637196077
1518	1522	14.191322637196077
1518	1523	12.833507972929173
1518	1516	14.191322637196077
1518	1519	5.211172426256454
1518	1517	4.724054090362687
14	13	41.44561402428063
114	112	2.4210219257238994
114	113	2.4210219257238994
1234	1235	19.416701101456542
1447	1448	3.3540731994727975
1447	1446	3.3540731994727975
1447	1445	3.3540731994727975
1210	1209	3.1665168954897687
1210	1208	3.1665168954897687
1210	1207	6.333033790979537
1210	1211	3.1665168954897687
1107	1106	16.424255332332642
1358	1360	2.763639829081022
1358	1361	3.002985716090985
1358	1362	3.002985716090985
1358	1359	0.9300697752163667
1358	1357	3.002985716090985
1175	1177	4.09526258246524
1175	1176	4.09526258246524
1291	1290	0.8381195683928103
1291	1292	0.8381195683928103
617	615	1.5616976010821322
617	616	1.5616976010821322
617	618	1.5616976010821322
1169	1173	2.094901011246795
1169	1174	10.84753718702047
1169	1171	10.84753718702047
1169	1172	10.84753718702047
1169	1170	10.84753718702047
1169	1165	10.84753718702047
1169	1167	10.84753718702047
1169	1166	10.84753718702047
1169	1168	10.84753718702047
1367	1368	3.4467415599095954
1367	1369	4.446741559909595
1367	1373	3.4467415599095954
1207	1210	6.333033790979537
1207	1211	6.333033790979537
1207	1209	6.333033790979537
1207	1208	6.333033790979537
650	653	20.471103908232628
650	652	20.471103908232628
650	651	20.471103908232628
979	980	28.056186775957485
1471	1469	8.917288202132067
1471	1470	7.484500010996807
1273	1272	15.472113652783584
1273	1274	15.472113652783584
1273	1275	15.472113652783584
1273	1276	15.472113652783584
1273	1277	15.472113652783584
1273	1278	15.472113652783584
1273	1279	15.472113652783584
1273	1285	15.472113652783584
1273	1283	15.472113652783584
1273	1284	15.472113652783584
1273	1281	15.472113652783584
1273	1282	15.472113652783584
1273	1280	15.472113652783584
1404	1403	2.9023237515158256
892	895	1.2992668893132366
245	244	9.78285698358505
937	935	12.385687878890677
937	939	12.385687878890677
937	938	12.385687878890677
937	936	12.385687878890677
452	455	1.7334891558746417
452	456	1.458692715636717
452	453	1.7334891558746417
452	454	1.7334891558746417
15	18	18.423888181877484
15	19	18.423888181877484
15	16	48.938912007784126
15	17	48.938912007784126
334	335	45.87736973783972
263	262	3.364060744091041
1178	1179	2.4075515429616416
39	40	3.858791051987895
39	37	3.858791051987895
39	38	3.858791051987895
405	404	19.7356648794868
405	415	53.242909196862165
1521	1520	5.211172426256454
1521	1523	12.833507972929173
1521	1522	14.191322637196077
1521	1519	5.211172426256454
1521	1517	4.724054090362687
1521	1518	14.191322637196077
1521	1516	14.191322637196077
1282	1279	15.472113652783584
1282	1278	15.472113652783584
1282	1272	15.472113652783584
1282	1273	15.472113652783584
1282	1274	15.472113652783584
1282	1275	15.472113652783584
1282	1276	15.472113652783584
1282	1277	15.472113652783584
1282	1283	15.472113652783584
1282	1284	15.472113652783584
1282	1281	15.472113652783584
1282	1285	15.472113652783584
1282	1280	15.472113652783584
443	442	5.298936818855147
443	444	5.298936818855147
443	441	6.446743747985757
443	440	5.298936818855147
318	323	4.37543995613548
318	322	4.37543995613548
318	321	4.37543995613548
318	320	4.37543995613548
318	319	4.37543995613548
1468	1467	9.65628630648775
1468	1466	9.65628630648775
123	122	2.17719802259839
782	776	5.147806929130608
782	777	6.580595120265869
782	774	6.580595120265869
782	775	4.0
782	779	4.0
782	778	6.580595120265869
782	780	6.580595120265869
782	785	4.0
782	786	1.1478069291306081
782	787	2.580595120265869
782	788	6.580595120265869
782	781	5.147806929130608
782	783	6.580595120265869
782	784	6.580595120265869
782	789	4.0
782	790	4.0
782	791	4.0
782	792	4.0
1014	1346	48.44689705025834
693	691	3.4969828117795765
693	690	3.4969828117795765
693	692	1.286951732282652
693	699	3.4969828117795765
693	698	3.4969828117795765
693	695	3.4969828117795765
693	694	3.4969828117795765
693	697	3.4969828117795765
693	696	3.4969828117795765
377	376	4.03214593237408
649	648	2.643960617391716
649	647	2.643960617391716
649	646	2.643960617391716
725	724	0.4765053580405043
725	726	0.7634570903231563
693	701	3.4969828117795765
693	700	3.4969828117795765
693	710	3.4969828117795765
693	708	3.4969828117795765
693	709	3.4969828117795765
693	706	3.4969828117795765
693	707	3.4969828117795765
693	704	3.4969828117795765
693	705	3.4969828117795765
693	702	3.4969828117795765
693	703	3.4969828117795765
1014	1008	42.391034918976004
466	465	14.986808202744758
925	924	2.3273675541811585
925	923	2.7464273383775635
1014	1121	114.03514973389325
548	549	21.01765293547623
973	971	17.510660605717423
973	970	17.510660605717423
973	969	17.510660605717423
973	972	17.510660605717423
914	915	15.7849197487868
1335	1340	3.002097921164591
1335	1331	3.002097921164591
1335	1330	0.9153503138634284
1335	1333	3.002097921164591
1335	1332	3.002097921164591
1335	1334	3.002097921164591
1335	1337	3.002097921164591
1335	1336	3.002097921164591
1335	1339	2.754849941854856
1335	1338	3.002097921164591
1335	1329	3.002097921164591
101	102	2.9052410355829554
1354	1356	5.853092583921766
1354	1355	5.853092583921766
1354	1353	1.791418071763832
1354	1352	5.853092583921766
747	748	29.240002274583503
424	425	22.550390563852925
103	1032	0.5906161091496412
53	52	18.109349959553874
688	687	0.8012395627542914
688	686	2.558008568296906
1408	1410	3.2049690971136298
1408	1409	3.2049690971136298
1408	1407	3.2049690971136298
150	149	14.120173691097026
1086	1085	7.6093125306227325
321	319	4.37543995613548
321	318	4.37543995613548
321	323	4.37543995613548
321	322	4.37543995613548
321	320	4.37543995613548
1373	1369	3.4467415599095954
1373	1368	4.526888377536357
1373	1367	3.4467415599095954
861	862	1.0331406020789444
861	863	1.0331406020789444
995	991	2.248284610058005
995	990	2.248284610058005
995	993	2.248284610058005
995	992	2.248284610058005
995	994	2.248284610058005
1055	1056	3.0538283612926254
313	311	10.362464436598565
313	310	10.362464436598565
313	307	10.362464436598565
313	308	10.362464436598565
313	306	10.362464436598565
313	309	4.0
762	761	5.403775017815393
762	763	5.403775017815393
762	764	5.403775017815393
762	760	1.6762391367856206
762	759	2.516363454773318
762	758	4.192602591558939
762	755	4.192602591558939
762	756	1.6762391367856206
1255	1260	3.6240111072791468
1255	1253	3.6240111072791468
1255	1252	3.6240111072791468
1255	1257	3.284557441212421
1255	1256	3.6240111072791468
1255	1254	3.6240111072791468
1255	1259	3.6240111072791468
1255	1258	3.6240111072791468
637	639	11.354259866247425
637	638	11.354259866247425
637	636	11.354259866247425
313	314	4.0
313	312	4.0
1422	1423	14.739874468013673
637	389	2.814941453846319
637	390	11.354259866247425
720	724	0.21003107949692437
720	723	0.6290908636933296
720	721	0.6290908636933296
720	727	0.6290908636933296
720	713	0.6290908636933296
720	712	0.6290908636933296
1543	1524	40.518305064802384
1543	1542	42.60519486781432
1538	1544	43.53383057801445
1538	1541	71.48945794040633
1538	1540	71.48945794040633
1538	1537	71.48945794040633
1538	1539	81.96595254531648
1538	1536	61.01296333549632
1481	1479	6.500961090239002
1481	1480	6.500961090239002
1481	1483	6.500961090239002
1481	1482	15.82147215013261
1481	1484	14.989293895779843
204	205	109.33516010142996
204	206	113.62370832379455
1203	1202	0.9153503138634284
1203	1204	2.750052719687748
1203	1205	0.9153503138634284
1203	1201	0.9153503138634284
763	764	10.564514165597823
763	759	2.516363454773318
763	758	4.192602591558939
763	756	1.6762391367856206
763	755	4.192602591558939
763	762	5.403775017815393
763	760	1.6762391367856206
763	761	5.403775017815393
1505	1504	3.2735473616472435
755	763	4.192602591558939
755	764	4.192602591558939
755	761	4.192602591558939
755	762	4.192602591558939
755	756	1.6762391367856206
755	758	4.192602591558939
755	759	2.516363454773318
755	760	1.6762391367856206
527	529	9.421431233483208
527	528	9.421431233483208
527	530	8.342697186460057
527	534	3.3649512829150043
527	533	9.421431233483208
527	532	6.568987090523356
527	531	9.421431233483208
527	538	9.421431233483208
527	537	9.421431233483208
527	536	3.3649512829150043
527	535	9.421431233483208
527	539	9.421431233483208
1274	1279	15.472113652783584
1274	1277	15.472113652783584
1274	1278	15.472113652783584
1274	1275	15.472113652783584
1274	1276	15.472113652783584
1274	1273	15.472113652783584
1274	1272	15.472113652783584
1274	1284	15.472113652783584
1274	1285	15.472113652783584
1274	1280	15.472113652783584
1274	1281	15.472113652783584
1274	1282	15.472113652783584
1274	1283	15.472113652783584
527	540	9.421431233483208
527	541	9.421431233483208
1135	1134	2.3882794728901726
1542	1524	40.518305064802384
1542	1543	42.60519486781432
807	809	126.11372545635567
807	808	37.050564249109065
807	811	126.11372545635567
807	812	126.11372545635567
807	810	44.46067709893087
807	813	126.11372545635567
345	348	13.228963262277896
345	347	10.866498825679331
345	346	2.094901011246795
1251	1250	11.901271837775633
676	675	1.3055960838972327
1410	1407	3.2049690971136298
1410	1409	3.2049690971136298
1410	1408	3.2049690971136298
54	56	3.8381319780388443
54	55	13.409732724772054
479	478	5.935482497134582
676	672	2.590890534209563
676	674	1.782101441937737
676	673	0.30279310656411385
705	707	4.9286881118473875
705	706	4.9286881118473875
705	709	4.9286881118473875
705	708	4.9286881118473875
705	702	4.9286881118473875
705	703	4.9286881118473875
705	704	4.9286881118473875
705	700	4.9286881118473875
705	701	4.9286881118473875
705	710	4.9286881118473875
1330	1338	0.9153503138634284
1330	1337	0.9153503138634284
1330	1339	1.3344100980598335
1330	1331	0.9153503138634284
1330	1332	0.9153503138634284
1330	1333	0.9153503138634284
1330	1334	0.9153503138634284
1330	1335	0.9153503138634284
1330	1336	0.9153503138634284
1330	1329	0.9153503138634284
486	485	48.26444403947366
1330	1340	0.9153503138634284
1313	1314	4.554232926622054
583	582	11.444020647103438
258	257	9.870988295782977
364	363	41.286720513665365
1293	1294	1.1402089896254899
78	79	15.450893288898921
1378	1381	13.714501127304946
1378	1380	12.463416036706583
1378	1379	12.463416036706583
1378	1377	12.463416036706583
1378	1375	13.714501127304946
1378	1376	5.042852637120688
147	148	4.972366761966422
1281	1284	15.472113652783584
1281	1285	15.472113652783584
1281	1282	15.472113652783584
1281	1283	15.472113652783584
1281	1280	15.472113652783584
1281	1272	15.472113652783584
1281	1273	15.472113652783584
1281	1274	15.472113652783584
1281	1275	15.472113652783584
1281	1276	15.472113652783584
1281	1278	15.472113652783584
1281	1277	15.472113652783584
1281	1279	15.472113652783584
1096	1097	1.2197069728429708
1552	1550	5.148564708333159
1552	1551	5.148564708333159
1560	1561	2.2281215865130193
535	529	9.421431233483208
535	528	9.421431233483208
535	527	9.421431233483208
1560	1559	4.450414771792479
1560	1558	4.450414771792479
1560	1557	4.137643499142889
535	541	9.421431233483208
535	538	9.421431233483208
535	539	9.421431233483208
535	534	3.3649512829150043
535	536	3.3649512829150043
535	537	9.421431233483208
535	530	8.342697186460057
535	531	9.421431233483208
535	532	6.568987090523356
535	533	9.421431233483208
535	540	9.421431233483208
236	235	2.8441375871802954
236	234	2.8441375871802954
1008	1014	42.391034918976004
847	846	23.92989877962579
847	848	30.634855326768292
483	484	3.2998379601441283
194	193	1.7585134502631308
442	440	9.298936818855147
442	441	5.298936818855147
442	443	5.298936818855147
442	444	9.298936818855147
1415	1414	9.578659055359124
1182	1190	0.7060115164790572
1182	1180	0.7060115164790572
1182	1185	3.1347471940215086
1182	1186	0.7060115164790572
1182	1187	3.1347471940215086
1182	1188	3.1347471940215086
1182	1181	0.7060115164790572
1182	1183	0.7060115164790572
1182	1184	0.7060115164790572
1182	1189	0.7060115164790572
705	692	1.286951732282652
705	693	3.4969828117795765
705	690	3.4969828117795765
705	691	3.4969828117795765
705	696	3.4969828117795765
705	697	4.9286881118473875
705	694	3.4969828117795765
705	695	3.4969828117795765
705	698	4.9286881118473875
705	699	4.9286881118473875
185	186	6.866359506470879
185	187	1.2989368188551484
328	329	9.187259848477886
1307	1299	0.8934092157137551
1307	1309	0.8934092157137551
1307	1308	0.8934092157137551
1307	1306	0.8934092157137551
1307	1305	5.808326144642758
1307	1304	5.808326144642758
1307	1303	0.8934092157137551
1307	1302	0.8934092157137551
1307	1301	0.8934092157137551
1307	1300	0.8934092157137551
1227	1229	2.153778856658549
1227	1228	13.583365733875663
1227	1226	13.583365733875663
1307	1310	0.8934092157137551
1307	1311	0.8934092157137551
55	56	3.8381319780388443
55	54	13.409732724772054
1043	1044	194.24867100663337
1043	1045	194.24867100663337
1043	1048	194.24867100663337
1043	1049	110.58926976013296
1043	1046	110.58926976013296
1043	1047	61.589269760133305
1323	1320	4.625178171629836
1323	1321	4.625178171629836
1323	1322	4.625178171629836
1323	1319	4.625178171629836
1323	1317	4.625178171629836
1323	1318	4.625178171629836
1323	1315	4.625178171629836
1323	1316	4.625178171629836
369	368	10.78522423920921
761	760	1.6762391367856206
761	762	5.403775017815393
761	763	5.403775017815393
761	764	5.403775017815393
761	756	1.6762391367856206
761	755	4.192602591558939
761	758	4.192602591558939
761	759	2.516363454773318
1486	1485	0.5421389935740762
67	65	11.812562279928576
1409	1407	3.2049690971136298
1409	1408	3.2049690971136298
1409	1410	3.2049690971136298
946	945	19.95547933979178
1554	1555	3.6361671656534282
1554	1553	3.6361671656534282
1067	1066	4.327913601959694
1067	1065	4.327913601959694
156	155	5.185674172171273
1334	1329	3.002097921164591
1334	1336	3.002097921164591
1334	1335	3.002097921164591
1334	1333	3.002097921164591
1334	1339	2.754849941854856
1334	1338	3.002097921164591
1334	1337	3.002097921164591
1334	1332	3.002097921164591
1334	1331	3.002097921164591
1334	1330	0.9153503138634284
1432	1431	3.61666377622755
1334	1340	3.002097921164591
603	429	40.09961241752865
603	428	40.09961241752865
603	427	40.09961241752865
603	426	40.09961241752865
603	431	40.09961241752865
18	15	18.423888181877484
18	16	18.423888181877484
18	17	18.423888181877484
18	19	41.18710931857574
886	1045	56.0
886	1044	56.0
886	1043	56.0
886	1048	56.0
939	938	17.701232861237457
939	936	17.701232861237457
939	937	12.385687878890677
939	935	17.701232861237457
79	78	15.450893288898921
1329	1330	0.9153503138634284
1329	1340	3.002097921164591
1329	1332	3.002097921164591
1329	1331	3.002097921164591
1329	1334	3.002097921164591
1329	1333	3.002097921164591
1329	1336	3.002097921164591
1329	1335	3.002097921164591
1329	1338	3.002097921164591
1329	1337	3.002097921164591
1329	1339	2.754849941854856
846	847	23.92989877962579
846	848	23.92989877962579
737	735	30.491470873176773
737	736	30.491470873176773
1361	1362	3.002985716090985
1361	1360	2.763639829081022
1361	1358	3.002985716090985
1361	1357	3.002985716090985
1361	1359	0.9300697752163667
971	969	17.510660605717423
971	972	17.510660605717423
971	973	17.510660605717423
971	970	17.510660605717423
1238	1240	27.604362130329537
1238	1237	27.604362130329537
1238	1239	27.604362130329537
1238	1236	27.604362130329537
618	615	1.5616976010821322
618	616	1.5616976010821322
618	617	1.5616976010821322
1166	1169	10.84753718702047
1166	1165	10.84753718702047
1166	1168	10.84753718702047
1166	1167	10.84753718702047
1166	1174	10.84753718702047
1166	1173	2.094901011246795
1166	1172	10.84753718702047
1166	1171	10.84753718702047
1166	1170	10.84753718702047
1339	1329	2.754849941854856
1339	1340	2.754849941854856
1339	1338	2.754849941854856
1339	1333	2.754849941854856
1339	1332	2.754849941854856
1339	1331	2.754849941854856
1339	1330	1.3344100980598335
